0,6 | 0,1635260786 | 1635260786s
6,7 | 1635260786,1635260788 | 2s
7,6 | 1635260788,1635260797 | 9s
6,7 | 1635260797,1635260806 | 9s
7,6 | 1635260806,1635260815 | 9s
6,7 | 1635260815,1635260824 | 9s
7,6 | 1635260824,1635260834 | 10s
6,7 | 1635260834,1635260843 | 9s
7,6 | 1635260843,1635260852 | 9s
6,7 | 1635260852,1635260861 | 9s
7,6 | 1635260861,1635260870 | 9s
6,7 | 1635260870,1635260879 | 9s
7,6 | 1635260879,1635260888 | 9s
6,7 | 1635260888,1635260897 | 9s
7,6 | 1635260897,1635260906 | 9s
6,7 | 1635260906,1635260915 | 9s
7,6 | 1635260915,1635260924 | 9s
6,7 | 1635260924,1635260933 | 9s
7,6 | 1635260933,1635260942 | 9s
6,7 | 1635260942,1635260952 | 10s
7,6 | 1635260952,1635260961 | 9s
